0,0
2.35e-07,-4.45e-05
6.87e-07,-0.00013
1.16e-06,-0.00022
1.65e-06,-0.000314
2.17e-06,-0.000413
2.71e-06,-0.000517
3.28e-06,-0.000626
3.89e-06,-0.000743
4.53e-06,-0.000866
5.21e-06,-0.000998
5.94e-06,-0.00114
6.72e-06,-0.00129
7.57e-06,-0.00145
8.48e-06,-0.00163
9.48e-06,-0.00182
1.06e-05,-0.00204
1.18e-05,-0.00227
1.32e-05,-0.00254
1.47e-05,-0.00284
1.66e-05,-0.00319
1.87e-05,-0.00361
2.14e-05,-0.00413
2.48e-05,-0.00478
2.94e-05,-0.00569
3.66e-05,-0.00707
5.02e-05,-0.00969
9.9e-05,-0.0191
0.000291,-0.0554
0.000567,-0.106
0.000912,-0.167
0.00132,-0.235
0.00178,-0.308
0.00229,-0.383
0.00282,-0.457
0.00337,-0.528
0.00394,-0.596
0.00454,-0.661
0.00515,-0.722
0.00578,-0.781
0.00645,-0.835
0.00714,-0.887
0.00787,-0.936
0.00864,-0.981
0.00946,-1.02
0.0103,-1.06
0.0113,-1.1
0.0123,-1.13
0.0135,-1.16
0.0147,-1.18
0.016,-1.2
0.0174,-1.21
0.0188,-1.21
0.0204,-1.22
0.022,-1.21
0.0238,-1.21
0.0257,-1.2
0.0279,-1.18
0.0303,-1.16
0.0328,-1.14
0.0356,-1.12
0.0387,-1.09
0.0421,-1.06
0.0459,-1.03
0.0505,-0.996
0.0557,-0.958
0.0609,-0.921
0.0662,-0.884
0.0717,-0.847
0.0774,-0.81
0.0832,-0.773
0.0893,-0.735
0.0958,-0.696
0.103,-0.657
0.11,-0.616
0.118,-0.573
0.127,-0.53
0.137,-0.485
0.147,-0.44
0.159,-0.395
0.171,-0.351
0.185,-0.309
0.199,-0.27
0.213,-0.236
0.226,-0.208
0.238,-0.186
0.25,-0.167
0.26,-0.152
0.27,-0.139
0.28,-0.129
0.289,-0.12
0.297,-0.112
0.306,-0.105
0.314,-0.1
0.321,-0.0954
0.329,-0.0916
0.336,-0.0885
0.343,-0.086
0.349,-0.084
0.356,-0.0824
0.362,-0.0813
0.368,-0.0805
0.374,-0.0801
0.38,-0.0799
0.386,-0.0799
0.391,-0.0802
0.397,-0.0807
0.403,-0.0814
0.408,-0.0822
0.414,-0.0831
0.419,-0.0842
0.425,-0.0853
0.43,-0.0866
0.435,-0.0879
0.441,-0.0892
0.446,-0.0906
0.452,-0.092
0.457,-0.0933
0.463,-0.0946
0.469,-0.0959
0.474,-0.0971
0.48,-0.0982
0.486,-0.0991
0.492,-0.0999
0.498,-0.101
0.504,-0.101
0.511,-0.101
0.517,-0.101
0.524,-0.101
0.531,-0.1
0.538,-0.0994
0.546,-0.0982
0.554,-0.0966
0.562,-0.0945
0.571,-0.0921
0.58,-0.0892
0.589,-0.0859
0.6,-0.0821
0.611,-0.0777
0.623,-0.0729
0.636,-0.0676
0.651,-0.0618
0.667,-0.0555
0.686,-0.0487
0.707,-0.0416
0.732,-0.0341
0.763,-0.0266
0.799,-0.0195
0.836,-0.0141
0.875,-0.00994
0.918,-0.00674
0.965,-0.00435
1.02,-0.00263
1.08,-0.00149
1.14,-0.000845
1.2,-0.000478
1.26,-0.00027
1.32,-0.000153
1.38,-8.64e-05
1.44,-4.88e-05
1.5,-2.76e-05
1.56,-1.56e-05
1.62,-8.82e-06
1.68,-4.97e-06
1.7,-4.15e-06
1.7,-4.14e-06
1.7,-4.14e-06
1.7,-4.13e-06
1.7,-4.13e-06
1.7,-4.11e-06
1.7,-4.08e-06
1.7,-4.01e-06
1.71,-3.89e-06
1.71,-3.75e-06
1.71,-3.74e-06
1.71,-3.74e-06
1.71,-3.74e-06
1.71,-3.72e-06
1.71,-3.66e-06
1.72,-3.53e-06
1.72,-3.4e-06
1.73,-3.19e-06
1.73,-2.99e-06
1.74,-2.76e-06
1.76,-2.43e-06
1.77,-2.09e-06
1.79,-1.77e-06
1.81,-1.48e-06
1.83,-1.26e-06
1.84,-1.08e-06
1.84,-1.07e-06
1.84,-1.06e-06
1.84,-1.05e-06
1.85,-1.04e-06
1.85,-1.02e-06
1.85,-1.01e-06
1.85,-1e-06
1.85,-1e-06
1.85,-1e-06
1.85,-9.93e-07
1.85,-9.62e-07
1.85,-9.62e-07
1.85,-9.54e-07
1.85,-9.51e-07
1.86,-9.47e-07
1.86,-9.4e-07
1.86,-9.4e-07
1.86,-9.35e-07
1.86,-9.33e-07
1.86,-9.26e-07
1.86,-9.07e-07
1.86,-8.74e-07
1.87,-7.92e-07
1.88,-7.33e-07
1.89,-6.66e-07
1.9,-6.05e-07
1.92,-5.23e-07
1.94,-4.33e-07
1.97,-3.28e-07
1.97,-3.2e-07
1.97,-3.21e-07
1.97,-3.21e-07
1.97,-3.2e-07
1.97,-3.18e-07
1.97,-3.16e-07
1.98,-3.04e-07
1.98,-2.95e-07
1.99,-2.8e-07
1.99,-2.65e-07
2,-2.45e-07
2,-2.52e-07
2,-2.41e-07
2,-2.43e-07
2,-2.42e-07
2,-2.42e-07
2,-2.46e-07
2,-2.41e-07
2,-2.41e-07
2,-2.41e-07
2,-2.41e-07
2,-2.4e-07
2,-2.37e-07
2.01,-2.31e-07
2.01,-2.24e-07
2.02,-2.14e-07
2.02,-1.95e-07
2.04,-1.76e-07
2.05,-1.49e-07
2.08,-1.2e-07
2.1,-9.56e-08
2.12,-8.98e-08
2.12,-7.55e-08
2.12,-7.88e-08
2.12,-7.83e-08
2.12,-7.82e-08
2.12,-7.76e-08
2.12,-7.77e-08
2.12,-7.82e-08
2.12,-7.56e-08
2.13,-7.82e-08
2.13,-7.42e-08
2.13,-7.27e-08
2.13,-7.27e-08
2.13,-7.12e-08
2.14,-7.11e-08
2.14,-6.45e-08
2.15,-6.08e-08
2.16,-5.62e-08
2.17,-5.09e-08
2.18,-5.36e-08
2.18,-4.53e-08
2.18,-4.59e-08
2.18,-4.57e-08
2.18,-4.52e-08
2.18,-4.58e-08
2.18,-4.55e-08
2.19,-4.48e-08
2.19,-4.84e-08
2.19,-4.24e-08
2.19,-4.29e-08
2.19,-4.25e-08
2.19,-4.26e-08
2.2,-3.92e-08
2.21,-3.39e-08
2.22,-3.88e-08
2.22,-2.88e-08
2.22,-3.09e-08
2.22,-3.44e-08
2.22,-2.97e-08
2.22,-3.1e-08
2.22,-3.06e-08
2.22,-3.04e-08
2.22,-3.04e-08
2.22,-3.48e-08
2.22,-2.84e-08
2.22,-2.95e-08
2.22,-2.92e-08
2.22,-2.87e-08
2.23,-2.87e-08
2.23,-3.46e-08
2.23,-2.55e-08
2.23,-2.67e-08
2.23,-2.69e-08
2.23,-2.68e-08
2.23,-2.68e-08
2.23,-2.67e-08
2.23,-2.68e-08
2.23,-3.14e-08
2.23,-2.61e-08
2.23,-2.7e-08
2.23,-2.64e-08
2.23,-2.68e-08
2.23,-2.9e-08
2.24,-2.53e-08
2.24,-2.53e-08
2.25,-2.48e-08
2.26,-2.55e-08
2.27,-1.59e-08
2.29,-3.81e-08
2.29,-3.82e-08
2.29,-3.75e-08
2.29,-3.73e-08
2.29,-3.7e-08
2.29,-3.56e-08
2.29,-3.1e-08
2.3,-2.53e-08
2.3,-3.39e-08
2.3,-2.02e-08
2.3,-2.55e-08
2.3,-2.39e-08
2.3,-2.08e-08
2.3,-2.55e-08
2.3,-5.5e-08
2.3,-2.15e-08
2.3,-2.12e-08
2.3,-2.3e-08
2.3,-2.26e-08
2.3,-2.25e-08
2.31,-2.21e-08
2.31,-1.86e-08
2.31,-1.87e-08
2.32,-1.32e-08
2.32,-1.27e-08
2.32,-2.04e-08
2.32,-3.04e-08
2.32,-1.53e-08
2.32,-1.73e-08
2.32,-1.63e-08
2.32,-1.5e-08
2.32,-1.78e-08
2.33,-1.47e-08
2.33,-1.58e-08
2.33,-2.04e-08
2.33,-1.25e-08
2.33,-5.12e-09
2.33,-1.97e-08
2.33,-1.48e-08
2.33,-1.5e-08
2.33,-1.5e-08
2.33,-1.53e-08
2.33,-1.15e-08
2.34,-8.39e-09
2.35,-9.54e-09
2.35,-9.21e-09
2.35,-8.81e-09
2.35,-8.35e-09
2.35,-8.36e-09
2.35,-8.41e-09
2.35,-8.48e-09
2.35,-8.47e-09
2.36,-1.76e-08
2.36,-5.4e-09
2.36,-9.65e-09
2.36,-1.37e-08
2.36,-7.84e-09
2.36,-7.17e-09
2.36,-8.51e-09
2.36,-8.22e-09
2.36,-8.18e-09
2.36,-1.23e-08
2.36,-1.09e-08
2.36,-1.91e-08
2.36,-2.57e-09
2.36,-6.48e-09
2.36,-7.15e-09
2.36,-6.89e-09
2.36,-6.96e-09
2.36,-7.15e-09
2.37,-6.4e-09
2.37,-3.42e-09
2.38,-5.13e-09
2.4,2.54e-09
2.42,-4.43e-08
2.42,-6.36e-08
2.42,-5.79e-08
2.42,-5.81e-08
2.42,-5.64e-08
2.42,-5.54e-08
2.42,-5.14e-08
2.42,-3.58e-08
2.43,-1.77e-08
2.44,-8.49e-09
2.45,1.51e-09
2.47,2.65e-09
2.48,8e-08
2.48,6.16e-08
2.48,6.35e-08
2.48,6.29e-08
2.48,6.18e-08
2.48,5.61e-08
2.48,6.05e-08
2.48,5.5e-08
2.48,6.44e-08
2.48,5.68e-08
2.48,3.68e-08
2.48,6.02e-08
2.48,5.85e-08
2.48,5.84e-08
2.48,5.74e-08
2.48,5.23e-08
2.49,3.2e-08
2.49,1.75e-08
2.5,8.17e-09
2.5,-2.46e-08
2.5,8.01e-09
2.5,6.09e-09
2.5,2.03e-09
2.5,3.6e-09
2.5,5.43e-09
2.5,1.38e-09
2.5,-1.84e-08
2.5,7.93e-09
2.5,2.7e-09
2.5,2.71e-09
2.5,2.52e-09
2.5,1.78e-09
2.5,1.1e-09
2.5,1.97e-09
2.5,1.93e-09
2.5,1.85e-09
2.5,1.02e-09
2.51,-1.57e-09
2.51,-1.66e-09
2.52,-7.26e-09
2.53,-2.04e-09
2.54,1.17e-10
2.54,2.2e-09
2.54,1.27e-08
2.54,9.23e-09
2.54,1.41e-08
2.54,1.34e-08
2.54,1.3e-08
2.54,1.15e-08
2.54,1.37e-08
2.54,9.99e-09
2.55,8.82e-09
2.55,4.51e-09
2.55,-2.05e-09
2.55,-2.56e-09
2.55,-1.65e-09
2.55,-1.56e-09
2.55,-1.55e-09
2.55,-1.47e-09
2.55,-1.44e-09
2.55,-1.37e-09
2.55,-1.83e-09
2.56,-3.53e-09
2.57,-2.45e-09
2.58,-5.49e-09
2.59,-9.61e-09
2.61,8.34e-08
2.61,9.9e-08
2.61,9.44e-08
2.61,9.39e-08
2.61,9.15e-08
2.61,8.04e-08
2.61,4.05e-08
2.62,1.23e-07
2.62,1.6e-07
2.62,1.56e-07
2.62,1.55e-07
2.62,1.54e-07
2.62,1.49e-07
2.62,1.25e-07
2.63,4.16e-08
2.63,4.74e-08
2.63,4.33e-08
2.63,3.31e-08
2.63,3.32e-08
2.63,2.82e-08
2.63,2.57e-08
2.64,2e-08
2.64,4.1e-09
2.65,-8.39e-09
2.66,-2.08e-08
2.67,-5.4e-09
2.69,-4.42e-08
2.71,5.43e-09
2.72,1.51e-08
2.75,-1.62e-07
2.75,-1.65e-07
2.75,-1.52e-07
2.75,-1.52e-07
2.75,-1.5e-07
2.75,-1.42e-07
2.75,-1.2e-07
2.75,-7.73e-08
2.75,-7.69e-08
2.75,-7.69e-08
2.75,-7.68e-08
2.75,-7.76e-08
2.75,-7.72e-08
2.75,-7.64e-08
2.75,-7.61e-08
2.75,-7.61e-08
2.75,-7.61e-08
2.75,-7.62e-08
2.75,-7.59e-08
2.75,-8.02e-08
2.75,-7.18e-08
2.75,-7.23e-08
2.75,-7.27e-08
2.75,-7.38e-08
2.75,-7.41e-08
2.75,-7.38e-08
2.75,-7.2e-08
2.75,-6.45e-08
2.75,-6.96e-08
2.75,-6.36e-08
2.75,-6.26e-08
2.75,-6.39e-08
2.75,-6.41e-08
2.75,-6.24e-08
2.75,-6.09e-08
2.75,-5.37e-08
2.76,-2.82e-08
2.76,-3.48e-08
2.76,-2.32e-08
2.76,-2.23e-08
2.76,-2.8e-08
2.76,-2.37e-08
2.76,-2.67e-08
2.76,-2.29e-08
2.76,-2.08e-08
2.77,-1.28e-08
2.77,-1.24e-08
2.77,-1.34e-08
2.77,-1.27e-08
2.77,-1.17e-08
2.77,-1.17e-08
2.77,-1.15e-08
2.77,-1.04e-08
2.77,-6.67e-09
2.78,-1.85e-08
2.79,4.75e-08
2.8,9.48e-09
2.83,7.14e-09
2.86,6.91e-09
2.89,4.07e-09
2.93,-6.16e-09
2.96,5.35e-08
2.96,4.5e-08
2.96,5.53e-08
2.96,5.43e-08
2.96,5.52e-08
2.96,5.59e-08
2.96,5.59e-08
2.96,5.68e-08
2.96,5.55e-08
2.96,5.66e-08
2.96,5.68e-08
2.96,5.72e-08
2.96,5.6e-08
2.97,5.15e-08
2.97,4.22e-08
2.97,2.5e-08
2.98,-3.92e-09
2.98,-7.31e-09
2.98,-1.42e-09
2.98,1.24e-09
2.98,-3.62e-09
2.98,-7.21e-09
2.98,-3.55e-10
2.98,-4.47e-09
2.98,-9.69e-09
2.98,-5.64e-10
2.98,-3.9e-09
2.98,-3.88e-09
2.98,-3.8e-09
2.98,-3.72e-09
2.98,-4.23e-09
2.98,-3.63e-09
2.98,-3.23e-09
2.98,-3.02e-09
2.98,-3.25e-09
2.98,-3.47e-09
2.98,-4.31e-09
2.98,-8.01e-09
2.98,-1.16e-08
2.98,2.65e-09
2.98,-2.44e-09
2.98,-3.92e-09
2.98,-1.71e-09
2.98,-7.06e-10
2.98,-7.23e-10
2.98,-8.2e-10
2.99,-1.28e-09
2.99,-3.07e-09
3,-7.03e-09
