0,0.314
2.35e-07,0.314
6.87e-07,0.314
1.16e-06,0.314
1.65e-06,0.314
2.17e-06,0.314
2.71e-06,0.314
3.28e-06,0.314
3.89e-06,0.314
4.53e-06,0.314
5.21e-06,0.314
5.94e-06,0.314
6.72e-06,0.314
7.57e-06,0.314
8.48e-06,0.314
9.48e-06,0.314
1.06e-05,0.314
1.18e-05,0.314
1.32e-05,0.314
1.47e-05,0.314
1.66e-05,0.314
1.87e-05,0.314
2.14e-05,0.314
2.48e-05,0.314
2.94e-05,0.314
3.66e-05,0.314
5.02e-05,0.314
9.9e-05,0.314
0.000291,0.314
0.000567,0.314
0.000912,0.314
0.00132,0.314
0.00178,0.314
0.00229,0.314
0.00282,0.315
0.00337,0.315
0.00394,0.315
0.00454,0.315
0.00515,0.315
0.00578,0.316
0.00645,0.316
0.00714,0.316
0.00787,0.317
0.00864,0.317
0.00946,0.318
0.0103,0.318
0.0113,0.319
0.0123,0.32
0.0135,0.321
0.0147,0.322
0.016,0.324
0.0174,0.325
0.0188,0.327
0.0204,0.328
0.022,0.33
0.0238,0.332
0.0257,0.335
0.0279,0.337
0.0303,0.341
0.0328,0.344
0.0356,0.348
0.0387,0.352
0.0421,0.356
0.0459,0.361
0.0505,0.368
0.0557,0.374
0.0609,0.382
0.0662,0.389
0.0717,0.396
0.0774,0.404
0.0832,0.412
0.0893,0.42
0.0958,0.429
0.103,0.438
0.11,0.448
0.118,0.459
0.127,0.471
0.137,0.484
0.147,0.498
0.159,0.514
0.171,0.531
0.185,0.549
0.199,0.568
0.213,0.587
0.226,0.605
0.238,0.621
0.25,0.637
0.26,0.651
0.27,0.664
0.28,0.677
0.289,0.688
0.297,0.7
0.306,0.711
0.314,0.721
0.321,0.731
0.329,0.741
0.336,0.75
0.343,0.759
0.349,0.767
0.356,0.775
0.362,0.783
0.368,0.79
0.374,0.797
0.38,0.804
0.386,0.811
0.391,0.818
0.397,0.824
0.403,0.83
0.408,0.836
0.414,0.842
0.419,0.848
0.425,0.854
0.43,0.859
0.435,0.865
0.441,0.87
0.446,0.876
0.452,0.881
0.457,0.886
0.463,0.891
0.469,0.896
0.474,0.901
0.48,0.906
0.486,0.911
0.492,0.915
0.498,0.92
0.504,0.924
0.511,0.929
0.517,0.933
0.524,0.938
0.531,0.942
0.538,0.946
0.546,0.951
0.554,0.955
0.562,0.959
0.571,0.963
0.58,0.967
0.589,0.971
0.6,0.975
0.611,0.979
0.623,0.983
0.636,0.986
0.651,0.99
0.667,0.994
0.686,0.997
0.707,1
0.732,1
0.763,1.01
0.799,1.01
0.836,1.01
0.875,1.01
0.918,1.02
0.965,1.02
1.02,1.02
1.08,1.02
1.14,1.02
1.2,1.02
1.26,1.02
1.32,1.02
1.38,1.02
1.44,1.02
1.5,1.02
1.56,1.02
1.62,1.02
1.68,1.02
1.7,1.02
1.7,1.02
1.7,1.02
1.7,1.02
1.7,1.02
1.7,1.02
1.7,1.02
1.7,1.02
1.71,1.02
1.71,1.02
1.71,1.02
1.71,1.02
1.71,1.02
1.71,1.02
1.71,1.02
1.72,1.02
1.72,1.02
1.73,1.02
1.73,1.02
1.74,1.02
1.76,1.02
1.77,1.02
1.79,1.02
1.81,1.02
1.83,1.02
1.84,1.02
1.84,1.02
1.84,1.02
1.84,1.02
1.85,1.02
1.85,1.02
1.85,1.02
1.85,1.02
1.85,1.02
1.85,1.02
1.85,1.02
1.85,1.02
1.85,1.02
1.85,1.02
1.85,1.02
1.86,1.02
1.86,1.02
1.86,1.02
1.86,1.02
1.86,1.02
1.86,1.02
1.86,1.02
1.86,1.02
1.87,1.02
1.88,1.02
1.89,1.02
1.9,1.02
1.92,1.02
1.94,1.02
1.97,1.02
1.97,1.02
1.97,1.02
1.97,1.02
1.97,1.02
1.97,1.02
1.97,1.02
1.98,1.02
1.98,1.02
1.99,1.02
1.99,1.02
2,1.02
2,1.02
2,1.02
2,1.02
2,1.02
2,1.02
2,1.02
2,1.02
2,1.02
2,1.02
2,1.02
2,1.02
2,1.02
2.01,1.02
2.01,1.02
2.02,1.02
2.02,1.02
2.04,1.02
2.05,1.02
2.08,1.02
2.1,1.02
2.12,1.02
2.12,1.02
2.12,1.02
2.12,1.02
2.12,1.02
2.12,1.02
2.12,1.02
2.12,1.02
2.12,1.02
2.13,1.02
2.13,1.02
2.13,1.02
2.13,1.02
2.13,1.02
2.14,1.02
2.14,1.02
2.15,1.02
2.16,1.02
2.17,1.02
2.18,1.02
2.18,1.02
2.18,1.02
2.18,1.02
2.18,1.02
2.18,1.02
2.18,1.02
2.19,1.02
2.19,1.02
2.19,1.02
2.19,1.02
2.19,1.02
2.19,1.02
2.2,1.02
2.21,1.02
2.22,1.02
2.22,1.02
2.22,1.02
2.22,1.02
2.22,1.02
2.22,1.02
2.22,1.02
2.22,1.02
2.22,1.02
2.22,1.02
2.22,1.02
2.22,1.02
2.22,1.02
2.22,1.02
2.23,1.02
2.23,1.02
2.23,1.02
2.23,1.02
2.23,1.02
2.23,1.02
2.23,1.02
2.23,1.02
2.23,1.02
2.23,1.02
2.23,1.02
2.23,1.02
2.23,1.02
2.23,1.02
2.23,1.02
2.24,1.02
2.24,1.02
2.25,1.02
2.26,1.02
2.27,1.02
2.29,1.02
2.29,1.02
2.29,1.02
2.29,1.02
2.29,1.02
2.29,1.02
2.29,1.02
2.3,1.02
2.3,1.02
2.3,1.02
2.3,1.02
2.3,1.02
2.3,1.02
2.3,1.02
2.3,1.02
2.3,1.02
2.3,1.02
2.3,1.02
2.3,1.02
2.3,1.02
2.31,1.02
2.31,1.02
2.31,1.02
2.32,1.02
2.32,1.02
2.32,1.02
2.32,1.02
2.32,1.02
2.32,1.02
2.32,1.02
2.32,1.02
2.32,1.02
2.33,1.02
2.33,1.02
2.33,1.02
2.33,1.02
2.33,1.02
2.33,1.02
2.33,1.02
2.33,1.02
2.33,1.02
2.33,1.02
2.33,1.02
2.34,1.02
2.35,1.02
2.35,1.02
2.35,1.02
2.35,1.02
2.35,1.02
2.35,1.02
2.35,1.02
2.35,1.02
2.36,1.02
2.36,1.02
2.36,1.02
2.36,1.02
2.36,1.02
2.36,1.02
2.36,1.02
2.36,1.02
2.36,1.02
2.36,1.02
2.36,1.02
2.36,1.02
2.36,1.02
2.36,1.02
2.36,1.02
2.36,1.02
2.36,1.02
2.36,1.02
2.37,1.02
2.37,1.02
2.38,1.02
2.4,1.02
2.42,1.02
2.42,1.02
2.42,1.02
2.42,1.02
2.42,1.02
2.42,1.02
2.42,1.02
2.42,1.02
2.43,1.02
2.44,1.02
2.45,1.02
2.47,1.02
2.48,1.02
2.48,1.02
2.48,1.02
2.48,1.02
2.48,1.02
2.48,1.02
2.48,1.02
2.48,1.02
2.48,1.02
2.48,1.02
2.48,1.02
2.48,1.02
2.48,1.02
2.48,1.02
2.48,1.02
2.48,1.02
2.49,1.02
2.49,1.02
2.5,1.02
2.5,1.02
2.5,1.02
2.5,1.02
2.5,1.02
2.5,1.02
2.5,1.02
2.5,1.02
2.5,1.02
2.5,1.02
2.5,1.02
2.5,1.02
2.5,1.02
2.5,1.02
2.5,1.02
2.5,1.02
2.5,1.02
2.5,1.02
2.5,1.02
2.51,1.02
2.51,1.02
2.52,1.02
2.53,1.02
2.54,1.02
2.54,1.02
2.54,1.02
2.54,1.02
2.54,1.02
2.54,1.02
2.54,1.02
2.54,1.02
2.54,1.02
2.54,1.02
2.55,1.02
2.55,1.02
2.55,1.02
2.55,1.02
2.55,1.02
2.55,1.02
2.55,1.02
2.55,1.02
2.55,1.02
2.55,1.02
2.55,1.02
2.56,1.02
2.57,1.02
2.58,1.02
2.59,1.02
2.61,1.02
2.61,1.02
2.61,1.02
2.61,1.02
2.61,1.02
2.61,1.02
2.61,1.02
2.62,1.02
2.62,1.02
2.62,1.02
2.62,1.02
2.62,1.02
2.62,1.02
2.62,1.02
2.63,1.02
2.63,1.02
2.63,1.02
2.63,1.02
2.63,1.02
2.63,1.02
2.63,1.02
2.64,1.02
2.64,1.02
2.65,1.02
2.66,1.02
2.67,1.02
2.69,1.02
2.71,1.02
2.72,1.02
2.75,1.02
2.75,1.02
2.75,1.02
2.75,1.02
2.75,1.02
2.75,1.02
2.75,1.02
2.75,1.02
2.75,1.02
2.75,1.02
2.75,1.02
2.75,1.02
2.75,1.02
2.75,1.02
2.75,1.02
2.75,1.02
2.75,1.02
2.75,1.02
2.75,1.02
2.75,1.02
2.75,1.02
2.75,1.02
2.75,1.02
2.75,1.02
2.75,1.02
2.75,1.02
2.75,1.02
2.75,1.02
2.75,1.02
2.75,1.02
2.75,1.02
2.75,1.02
2.75,1.02
2.75,1.02
2.75,1.02
2.75,1.02
2.76,1.02
2.76,1.02
2.76,1.02
2.76,1.02
2.76,1.02
2.76,1.02
2.76,1.02
2.76,1.02
2.76,1.02
2.77,1.02
2.77,1.02
2.77,1.02
2.77,1.02
2.77,1.02
2.77,1.02
2.77,1.02
2.77,1.02
2.77,1.02
2.78,1.02
2.79,1.02
2.8,1.02
2.83,1.02
2.86,1.02
2.89,1.02
2.93,1.02
2.96,1.02
2.96,1.02
2.96,1.02
2.96,1.02
2.96,1.02
2.96,1.02
2.96,1.02
2.96,1.02
2.96,1.02
2.96,1.02
2.96,1.02
2.96,1.02
2.96,1.02
2.97,1.02
2.97,1.02
2.97,1.02
2.98,1.02
2.98,1.02
2.98,1.02
2.98,1.02
2.98,1.02
2.98,1.02
2.98,1.02
2.98,1.02
2.98,1.02
2.98,1.02
2.98,1.02
2.98,1.02
2.98,1.02
2.98,1.02
2.98,1.02
2.98,1.02
2.98,1.02
2.98,1.02
2.98,1.02
2.98,1.02
2.98,1.02
2.98,1.02
2.98,1.02
2.98,1.02
2.98,1.02
2.98,1.02
2.98,1.02
2.98,1.02
2.98,1.02
2.98,1.02
2.99,1.02
2.99,1.02
3,1.02
